easting northing
413.9 4081
412.5 4084.8
409.5 4086.8
404.2 4083.6
398.3 4086.8
394.4 4087.4
387.5 4091.2
384.6 4088.7
385.6 4084.8
384.1 4082.9
375.3 4084.2
372.9 4083.6
370.9 4081
370.4 4089.9
367.5 4091.2
365.5 4093.8
361.1 4093.8
360.6 4097.6
357.7 4097.6
354.3 4100.1
354.8 4106.5
353.3 4112.8
351.8 4114.1
350.4 4112.2
346.5 4112.8
343.5 4117.3
341.1 4117.3
336.2 4116.7
332.3 4119.2
328.4 4120.5
327.9 4121.8
328.4 4123.7
333.7 4123
335.2 4126.2
335.2 4128.8
338.1 4129.4
338.6 4121.8
343.5 4121.1
348.4 4118.6
352.3 4119.8
357.7 4118.6
359.7 4114.8
360.1 4111.6
358.7 4108.4
362.1 4105.2
365 4105.8
369 4100.1
370.4 4100.1
375.3 4092.5
382.6 4096.9
387.5 4096.9
389 4102
387 4105.8
385.6 4105.8
382.6 4105.2
382.2 4106.5
384.1 4109
384.1 4112.2
379.2 4112.8
378.2 4112.2
376.3 4114.8
375.3 4117.9
369.4 4119.2
360.1 4126.2
352.8 4135.1
347.9 4142.1
346 4144
345 4147.2
342.1 4150.4
342.5 4153.6
345.5 4152.9
356.2 4138.3
365 4127.5
370.4 4123.7
377.8 4123
379.2 4124.3
379.7 4126.2
379.2 4128.1
377.8 4128.8
373.4 4127.5
371.9 4128.1
371.4 4130
374.8 4132.6
374.3 4134.5
371.9 4135.8
372.4 4137.7
374.8 4138.3
374.3 4140.8
377.8 4141.5
378.7 4138.9
380.7 4137
383.1 4138.3
384.1 4137
384.1 4134.5
387 4130.7
388.5 4130.7
388 4134.5
388.5 4136.4
390.5 4138.9
389.5 4144
385.6 4144.7
384.1 4147.8
378.7 4151
376.3 4151.7
373.8 4151
372.4 4151.7
371.9 4153.6
373.4 4154.8
384.6 4154.2
385.6 4157.4
378.7 4158
374.3 4161.8
369.9 4162.5
366 4161.8
362.6 4164.4
361.6 4166.9
361.6 4170.1
359.2 4175.2
352.3 4179.7
349.9 4184.7
346 4186.7
342.5 4193.7
338.6 4196.2
331.3 4208.3
331.8 4209.6
334.2 4209.6
342.1 4198.1
344.5 4195.6
348.4 4193.7
351.3 4187.3
359.2 4181.6
365 4176.5
367.5 4168.8
368.5 4168.2
370.9 4170.1
372.4 4170.1
374.3 4166.9
382.2 4164.4
383.1 4165.7
381.7 4172.7
383.6 4174.6
383.6 4177.1
385.1 4179.7
383.1 4183.5
383.6 4186
382.2 4188.6
382.6 4189.8
385.6 4187.9
389.5 4187.3
391.4 4189.8
391 4195.6
378.7 4201.9
373.8 4205.7
369.9 4203.2
369 4204.5
368.5 4207.7
364.5 4208.9
364.5 4211.5
363.6 4214
360.6 4215.9
358.2 4220.4
357.2 4220.4
356.2 4217.8
352.8 4221
352.8 4222.3
350.9 4222.3
350.4 4219.7
348.4 4219.7
344.5 4222.3
335.2 4226.1
329.3 4229.9
329.8 4233.1
324.9 4236.9
322 4241.4
324 4244.6
323.5 4247.7
321.5 4249.6
320.1 4249
319.1 4251.6
321.5 4254.1
322.5 4256.6
325.4 4256
328.4 4249
328.4 4243.9
332.3 4241.4
332.8 4237.6
336.7 4235
338.1 4236.3
338.1 4238.2
336.7 4241.4
336.7 4244.6
338.1 4245.2
340.6 4240.7
341.1 4237.6
344 4231.2
346 4231.2
347.4 4232.5
348.4 4236.3
353.8 4233.1
354.3 4231.2
360.6 4228.7
363.1 4226.7
363.1 4224.2
364.5 4222.3
367.5 4224.2
369 4222.3
370.4 4222.3
371.4 4228.7
374.3 4227.4
373.8 4222.3
374.8 4219.1
377.8 4218.5
379.7 4212.7
382.6 4212.1
383.1 4214
381.7 4219.1
382.6 4222.3
377.8 4228.7
377.3 4235
378.7 4236.9
377.8 4239.5
375.8 4240.1
370.4 4239.5
368.5 4240.7
366.5 4244.6
355.3 4254.1
353.3 4257.3
353.8 4260.5
357.2 4259.8
359.7 4255.4
364.1 4254.1
370.4 4247.7
370.9 4244.6
375.3 4242.6
377.3 4242.6
378.2 4247.7
369 4259.8
365.5 4266.8
366.5 4273.8
365 4275.7
365.5 4284
364.5 4287.8
362.6 4291
365.5 4294.8
367.5 4295.5
368 4298.6
363.1 4299.3
363.1 4301.2
366 4305
365 4308.8
367.5 4310.1
370.4 4306.9
371.4 4306.9
371.9 4308.8
370.9 4312
368 4316.5
369.4 4317.1
373.8 4315.2
375.3 4316.5
375.3 4320.3
370.9 4321.5
368 4326.6
369 4327.9
373.4 4324.7
374.8 4326
375.3 4328.5
373.8 4330.5
370.4 4331.1
369.4 4333.6
366.5 4334.9
365.5 4340
361.6 4341.3
361.6 4343.8
358.7 4345.7
360.1 4347.6
364.1 4347
367.5 4342.5
369.4 4342.5
372.9 4340.6
374.3 4341.3
372.4 4346.4
373.4 4347
377.3 4346.4
377.8 4348.3
376.3 4350.2
376.3 4352.1
378.7 4352.7
381.7 4352.1
380.2 4355.9
380.7 4357.8
383.1 4359.1
384.6 4358.5
385.6 4354
387.5 4353.4
388.5 4354.6
388 4359.1
389 4359.7
391.4 4357.2
393.4 4357.8
393.9 4362.3
397.8 4361.6
399.8 4362.3
401.7 4364.8
402.2 4367.4
399.8 4372.5
402.2 4375
405.6 4380.1
407.1 4380.7
409 4378.8
414.4 4382
414.4 4379.5
411.5 4371.8
412 4369.9
418.3 4375.6
422.2 4374.4
420.3 4372.5
419.8 4369.9
420.8 4368.6
419.8 4368
416.4 4368.6
414.4 4366.1
411 4364.8
410 4361
414.9 4359.7
414.9 4357.8
411.5 4356.5
402.7 4357.8
401.2 4356.5
402.2 4354.6
400.7 4352.7
397.3 4353.4
397.3 4349.5
394.4 4347
391 4341.3
389 4333.6
391.4 4330.5
391.9 4324.7
393.9 4326
394.4 4329.2
399.3 4331.1
401.7 4329.8
401.7 4327.9
399.3 4326
396.8 4320.3
398.3 4317.7
397.3 4315.2
393.9 4313.9
392.9 4310.7
394.4 4308.8
393.9 4303.7
397.3 4301.2
395.8 4298.6
396.8 4296.1
395.8 4292.9
394.4 4292.9
390 4299.3
387.5 4299.3
385.6 4297.4
384.6 4292.9
382.6 4289.7
382.6 4287.8
386.1 4288.5
390.5 4287.8
391.9 4286.6
392.9 4282.7
395.8 4283.4
397.3 4285.9
401.7 4287.8
400.2 4282.1
398.8 4280.8
398.8 4278.9
401.2 4276.4
404.6 4275.1
406.6 4273.2
407.1 4270.6
406.6 4270
402.7 4270.6
397.3 4275.1
390.5 4275.7
389 4275.1
387.5 4272.6
387.5 4270
389 4266.8
391.4 4268.7
393.4 4268.7
396.8 4265.6
390.5 4264.9
389.5 4260.5
385.6 4257.3
385.6 4255.4
389 4247.1
393.9 4246.5
397.8 4242.6
398.8 4239.5
407.1 4232.5
408.6 4241.4
411 4243.9
413 4242.6
411 4240.1
411 4238.8
415.4 4233.1
416.9 4234.4
416.9 4238.8
417.8 4241.4
420.3 4243.3
420.8 4241.4
419.3 4233.1
421.8 4232.5
423.7 4233.7
425.2 4233.1
425.2 4231.8
423.7 4229.9
419.3 4228.7
417.4 4226.1
416.4 4221.7
416.9 4221
420.8 4222.3
422.7 4221.7
426.6 4223.6
428.6 4223.6
430.6 4221.7
429.1 4220.4
424.2 4219.1
421.8 4214.7
424.2 4213.4
430.6 4214.7
431 4212.7
427.6 4209.6
422.2 4207.7
420.8 4202.6
423.7 4201.3
423.7 4198.1
425.2 4197.5
426.6 4198.1
428.1 4201.3
431 4201.9
434 4200.7
435 4203.2
442.3 4202.6
442.3 4200
441.3 4198.7
436.9 4198.1
435 4196.8
435 4194.9
437.4 4194.3
437.4 4192.4
438.9 4189.2
438.4 4187.9
436.9 4187.9
435.4 4184.7
436.4 4181.6
434.5 4180.9
430.1 4182.2
428.1 4181.6
428.6 4178.4
426.6 4175.2
426.6 4172.7
425.7 4170.7
424.2 4170.1
423.7 4168.2
422.2 4166.9
421.8 4164.4
422.7 4163.1
419.3 4161.8
417.4 4154.2
416.4 4149.7
416.9 4147.2
413.4 4144
413.4 4142.1
415.4 4140.8
415.4 4138.9
414.9 4137
412.5 4134.5
412.5 4130
411 4127.5
410.5 4124.3
412 4122.4
411 4119.2
413.9 4110.3
415.4 4109
416.9 4109.7
417.8 4111.6
417.4 4115.4
419.3 4121.1
421.8 4124.3
421.8 4126.2
424.2 4132.6
427.6 4135.8
429.1 4138.9
428.6 4144.7
429.6 4147.2
434 4149.7
436.4 4149.1
437.9 4152.9
439.4 4153.6
439.8 4156.7
443.3 4161.2
444.7 4160.6
446.7 4164.4
446.2 4166.9
449.1 4177.1
452.6 4180.3
458.9 4191.1
413.9 4081
